[stats]
health = 100.0
feeling = 110.0
feeling_max = 110.0
likability_max = 180.0
strength = 116.2
strength_max = 120.0
strength_food = 119.60000000000002
strength_drink = 118.40000000000009
likability = 180.0
level = 9
level_stage = 0
exp = 1313.0999999999765
