[stats]
health = 100.0
feeling = 93.43068989918264
feeling_max = 115.0
likability_max = 240.0
strength = 130.0
strength_max = 130.0
strength_food = 115.15000000000029
strength_drink = 100.30000000000169
likability = 240.0
level = 15
level_stage = 0
exp = 851.9499999999385
money = 64

[stats.inventory.items]
