[stats]
health = 99.3177144874212
feeling = 107.96578638477618
feeling_max = 108.0
likability_max = 160.0
strength = 117.0
strength_max = 117.0
strength_food = 116.9
strength_drink = 116.80000000000001
likability = 160.0
level = 7
level_stage = 0
exp = 1186.599999999997
